Acc:0.9222994314592545
ARI:0.8391050257947602
macroF1:0.8644153445580125
runtime:17.10925793647766
