Acc:0.8913455464308275
ARI:0.7851750121167661
macroF1:0.7654244560399709
runtime:5.460776329040527
