Acc:0.9096651926721415
ARI:0.8565840286606142
macroF1:0.7688641494415376
runtime:4.709853410720825
