Acc:0.7972204674668352
ARI:0.6008871752652166
macroF1:0.6459102765079942
runtime:4.107750177383423
