Acc:0.8881869867340493
ARI:0.798696211078517
macroF1:0.8007330893438407
runtime:4.234720230102539
