Acc:0.8130132659507264
ARI:0.6704766893570402
macroF1:0.6020813995351246
runtime:4.6060943603515625
