Acc:0.9235628553379659
ARI:0.8469030972120714
macroF1:0.8045001661682194
runtime:12.043887376785278
