Acc:0.8963992419456728
ARI:0.7820192638210738
macroF1:0.8296060261722766
runtime:10.402164459228516
