Acc:0.8351231838281743
ARI:0.7596585787466046
macroF1:0.5934180196794434
runtime:3.388937473297119
