Acc:0.8982943777637398
ARI:0.8317256826405233
macroF1:0.7454249887316324
runtime:4.376222133636475
