Acc:0.866708780795957
ARI:0.788033730702753
macroF1:0.622971951887954
runtime:2.9300477504730225
