Acc:0.8900821225521163
ARI:0.8235318500074629
macroF1:0.7753922418104238
runtime:4.183297872543335
