Acc:0.8963992419456728
ARI:0.7999938974319224
macroF1:0.7474048043904055
runtime:12.243077516555786
