Acc:0.7978521794061908
ARI:0.6287540417910238
macroF1:0.6182786108171237
runtime:5.930917024612427
