Acc:0.7207833228048011
ARI:0.4787798425367734
macroF1:0.6625168566718125
runtime:5.455139875411987
