Acc:0.9008212255211624
ARI:0.7821331956678057
macroF1:0.8478601361595944
runtime:14.736660480499268
