Acc:0.8862918509159823
ARI:0.8088995462160706
macroF1:0.761197866427918
runtime:6.451642751693726
