Acc:0.915982312065698
ARI:0.8337845902538047
macroF1:0.8377048186589922
runtime:14.821406126022339
