Acc:0.8477574226152874
ARI:0.7134298752257086
macroF1:0.737525635079413
runtime:6.312451601028442
