Acc:0.9185091598231206
ARI:0.8391404270396882
macroF1:0.8309366723567279
runtime:13.027123212814331
