Acc:0.9222994314592545
ARI:0.8465179735095554
macroF1:0.8566157386295709
runtime:5.288232803344727
