Acc:0.9210360075805433
ARI:0.8554914971664598
macroF1:0.8324698208551252
runtime:5.451448678970337
