Acc:0.8919772583701832
ARI:0.7777383655804665
macroF1:0.816269460773352
runtime:13.46694803237915
