Acc:0.9001895135818067
ARI:0.8374612888794338
macroF1:0.7868224786288845
runtime:5.948909282684326
