Acc:0.8907138344914719
ARI:0.82806177883713
macroF1:0.746578747391258
runtime:4.171932697296143
