Acc:0.8092229943145925
ARI:0.6239454949745842
macroF1:0.6403506793288776
runtime:4.538822412490845
