Acc:0.8730259001895135
ARI:0.7889492296937123
macroF1:0.7001865841325863
runtime:3.4665093421936035
