Acc:0.8224889450410613
ARI:0.7531777564507467
macroF1:0.50735029459324
runtime:2.6776371002197266
