Acc:0.8862918509159823
ARI:0.8003208567174983
macroF1:0.7930255221487047
runtime:3.9715213775634766
