Acc:0.915982312065698
ARI:0.8448733453608341
macroF1:0.8028668819505085
runtime:4.404106378555298
