Acc:0.8881869867340493
ARI:0.8000581077829451
macroF1:0.686499488565689
runtime:3.9433209896087646
